  1.0000000e+002 -2.3686269e-003  7.0523585e-003  3.6126984e+000  1.3872789e+000
  1.0000000e+002 -8.5960441e-003  1.2558182e-003  4.1818594e-001  4.5817914e+000
  1.2000000e+002 -1.1010445e-002  7.0014341e-004  9.0634921e-002  4.9093424e+000
  1.2500000e+002 -1.0713118e-002  9.6042389e-004  1.8297052e-001  4.8170068e+000
  1.5000000e+002 -1.2667378e-002  1.6849122e-003  3.1666667e-001  4.6833107e+000
  1.7000000e+002 -4.6619996e-003  1.0495586e-002  6.2879819e-002  2.4686395e+000
  1.9000000e+002 -1.4092676e-002  3.7582465e-003  7.8095238e-001  4.2190249e+000
  2.0000000e+002 -1.3197166e-002  5.7089966e-003  1.2488209e+000  3.7511565e+000
  5.0000000e+002 -3.7491075e-002  8.7956406e-003  5.8566893e-001  4.4143084e+000
  5.0000000e+002 -3.7491075e-002  8.7956406e-003  5.8566893e-001  4.4143084e+000
  5.2000000e+002 -2.7601645e-002  2.2122475e-002  1.8665986e+000  3.1333787e+000
  5.0000000e+002 -3.7132198e-002  8.7157728e-003  5.7929705e-001  4.4206803e+000
  5.2000000e+002 -5.5159843e-004  4.0446608e-002  3.4707483e-001  8.3451247e-001
  5.2000000e+002 -4.0227113e-002  7.0346827e-003  3.7922902e-001  4.6207483e+000
  5.2500000e+002 -3.9291694e-002  9.3740805e-003  5.9430839e-001  4.4056689e+000
  5.5000000e+002 -4.2430965e-002  8.1883581e-003  4.4063492e-001  4.5593424e+000
  5.7000000e+002 -3.9737287e-002  1.3035157e-002  8.7458050e-001  4.1253968e+000
  5.9000000e+002 -3.8562716e-002  1.4596007e-002  1.2147392e-001  1.5084127e+000
  6.0000000e+002 -4.8017614e-002  6.9598477e-003  2.7970522e-001  4.7202721e+000
  5.0000000e+002 -3.6652684e-002  8.8705508e-003  6.1326531e-001  4.3867120e+000
  1.0000000e+003 -8.0790997e-002  1.2288761e-002  2.4124717e-001  4.7587302e+000
  1.0200000e+003 -6.9383303e-002  2.4868272e-002  8.9963719e-001  4.1003401e+000
  1.0250000e+003 -7.1355242e-002  2.3642113e-002  8.1573696e-001  4.1842404e+000
  1.0500000e+003 -7.1099139e-002  2.5577348e-002  8.8968254e-001  4.1102948e+000
  1.0700000e+003 -7.8222034e-002  1.9163474e-002  5.6294785e-001  4.4370295e+000
  1.0900000e+003 -6.8745935e-002  3.0848975e-002  1.1417687e+000  3.8582086e+000
  1.1000000e+003 -8.1808195e-002  1.8458350e-002  4.9424036e-001  4.5057370e+000
